[1]   1   2   3   4   5   6   7   8   9  10  11  12  13  14  15  16  17  18  19
[20]  20  21  22  23  24  25  26  27  28  29  30  31  32  33  34  35  36  37  38
[39]  39  40  41  43  44  45  46  47  48  49  50  65  89  96  86  68  80  97  62
[58]  83  99 100  67  85  42  52  57  51  66  76  87  75  92  98  53  71

							(74)


 [1]  42   1   2   3   4   5   6   7   8   9  10  11  12  13  14  17  18  19  20
[20]  21  22  23  24  25  26  27  28  29  30  31  32  35  36  37  38  39  40  41
[39]  43  44  45  46  47  48  49  50  58  60  61  65  68  70  80  81  82  83  89
[58]  90  91  93  94  95  96  97  99 100

							(66)

[1]  51  52  53  54  55  56  57  59  60  62  63  64  65  66  67  68  69  70
[19]  71  72  73  74  75  76  77  78  79  80  81  82  83  84  85  86  87  88
[37]  89  90  91  92  93  95  96  97  98 100 101 102 103 104 105 106 107 108
[55] 109 110 111 112 113 114 115 116 117 118 119 120 121 122 123 124 125 126
[73] 127 128 129 130 131 132 133 134 135 136 137 138 139 140 141 142 143 144
[91] 145 146 147 148 149 150  99  58  61  94

							(100)


Iteration:- 31
