[1]  1  2  3  4  5  6  7  8  9 10 11 12 13 14 15 16 17 18 19 20 21 22 23 24 25
[26] 26 27 28 29 30 31 32 33 34 35 36 37 38 39 40 41 43 44 45 46 47 48 49 50 42
[51] 86 65 89 96 80 51 52 57 66
					
						(59)

[1] 42  1  2  3  4  5  6  7  8  9 10 11 12 13 14 17 18 19 20 21 22 23 24 25 26
[26] 27 28 29 30 31 32 35 36 37 38 39 40 41 43 44 45 46 47 48 49 50 58 60 61 65
[51] 68 70 80 81 82 83 89 90 93 94 96 99

						(62)

[1]  51  52  53  54  55  56  57  59  60  62  63  64  65  66  67  68  69  70
[19]  71  72  73  74  75  76  77  78  79  80  81  82  83  84  85  86  87  88
[37]  89  90  91  92  93  95  96  97  98 100 101 102 103 104 105 106 108 109
[55] 110 111 112 113 114 115 116 117 118 119 120 121 122 123 124 125 126 127
[73] 128 129 130 131 132 133 134 135 136 137 138 139 140 141 142 143 144 145
[91] 146 147 148 149 150 107  99  58  61  94

						(100)

Iteration:- 30